27903 0 99 4316566447
29711 0 92 4316566460
0 0 0 4316566473
0 0 0 4316566486
0 0 0 4316566499
0 0 0 4316566512
0 0 0 4316566525
0 0 0 4316566538
0 0 0 4316566551
0 0 0 4316566564
0 0 0 4316566577
0 0 0 4316566590
0 0 0 4316566603
0 0 0 4316566616
0 0 0 4316566629
0 0 0 4316566642
0 0 0 4316566655
0 0 0 4316566668
0 0 0 4316566681
0 0 0 4316566694
9417 0 30 4316566707
25156 0 84 4316566720
12375 0 30 4316566733
0 0 0 4316566746
0 0 0 4316566759
0 0 0 4316566772
0 0 0 4316566785
0 0 0 4316566798
0 0 0 4316566811
0 0 0 4316566824
0 0 0 4316566837
0 0 0 4316566850
0 0 0 4316566863
0 0 0 4316566876
0 0 0 4316566889
0 0 0 4316566902
0 0 0 4316566915
0 0 0 4316566928
0 0 0 4316566941
7578 0 30 4316566954
1495 0 0 4316566967
9091 0 46 4316566980
21788 0 69 4316566993
0 0 0 4316567006
0 0 0 4316567019
0 0 0 4316567032
0 0 0 4316567045
0 0 0 4316567058
0 0 0 4316567071
0 0 0 4316567084
0 0 0 4316567097
0 0 0 4316567110
0 0 0 4316567123
0 0 0 4316567136
0 0 0 4316567149
0 0 0 4316567162
0 0 0 4316567175
0 0 0 4316567188
0 0 0 4316567201
8735 0 23 4316567214
0 0 0 4316567227
0 0 0 4316567240
20804 0 53 4316567253
4685 0 15 4316567266
0 0 0 4316567279
0 0 0 4316567292
0 0 0 4316567305
0 0 0 4316567318
0 0 0 4316567331
0 0 0 4316567344
0 0 0 4316567357
0 0 0 4316567370
0 0 0 4316567383
0 0 0 4316567396
0 0 0 4316567409
0 0 0 4316567422
0 0 0 4316567435
0 0 0 4316567448
3648 0 15 4316567461
4794 0 7 4316567474
0 0 0 4316567487
0 0 0 4316567500
13958 0 46 4316567513
7336 0 23 4316567526
0 0 0 4316567539
0 0 0 4316567552
0 0 0 4316567565
0 0 0 4316567578
0 0 0 4316567591
0 0 0 4316567604
0 0 0 4316567617
0 0 0 4316567630
0 0 0 4316567643
0 0 0 4316567656
0 0 0 4316567669
0 0 0 4316567682
0 0 0 4316567695
0 0 0 4316567708
8092 0 38 4316567721
0 0 0 4316567734
0 0 0 4316567747
0 0 0 4316567760
9367 0 30 4316567773
8207 0 23 4316567786
0 0 0 4316567799
0 0 0 4316567812
0 0 0 4316567825
0 0 0 4316567838
0 0 0 4316567851
0 0 0 4316567864
0 0 0 4316567877
0 0 0 4316567890
0 0 0 4316567903
0 0 0 4316567916
0 0 0 4316567929
0 0 0 4316567942
0 0 0 4316567955
0 0 0 4316567968
7767 0 23 4316567981
0 0 0 4316567994
0 0 0 4316568007
0 0 0 4316568020
9332 0 38 4316568033
5060 0 15 4316568046
0 0 0 4316568059
0 0 0 4316568072
0 0 0 4316568085
0 0 0 4316568098
0 0 0 4316568111
0 0 0 4316568124
0 0 0 4316568137
0 0 0 4316568150
0 0 0 4316568163
0 0 0 4316568176
0 0 0 4316568189
0 0 0 4316568202
0 0 0 4316568215
7473 0 30 4316568228
0 0 0 4316568241
0 0 0 4316568254
0 0 0 4316568267
0 0 0 4316568280
11653 0 38 4316568293
280 0 0 4316568306
0 0 0 4316568319
0 0 0 4316568332
0 0 0 4316568345
0 0 0 4316568358
0 0 0 4316568371
0 0 0 4316568384
0 0 0 4316568397
0 0 0 4316568410
0 0 0 4316568423
0 0 0 4316568436
0 0 0 4316568449
0 0 0 4316568462
0 0 0 4316568475
7169 0 23 4316568488
0 0 0 4316568501
0 0 0 4316568514
0 0 0 4316568527
0 0 0 4316568540
9944 0 46 4316568553
0 0 0 4316568566
0 0 0 4316568579
0 0 0 4316568592
0 0 0 4316568605
0 0 0 4316568618
0 0 0 4316568631
0 0 0 4316568644
0 0 0 4316568657
0 0 0 4316568670
0 0 0 4316568683
0 0 0 4316568696
0 0 0 4316568709
0 0 0 4316568722
7030 0 23 4316568735
0 0 0 4316568748
0 0 0 4316568761
0 0 0 4316568774
0 0 0 4316568787
0 0 0 4316568800
8112 0 30 4316568813
0 0 0 4316568826
0 0 0 4316568839
0 0 0 4316568852
0 0 0 4316568865
0 0 0 4316568878
0 0 0 4316568891
0 0 0 4316568904
0 0 0 4316568917
0 0 0 4316568930
0 0 0 4316568943
0 0 0 4316568956
0 0 0 4316568969
0 0 0 4316568982
6485 0 15 4316568995
0 0 0 4316569008
0 0 0 4316569021
0 0 0 4316569034
0 0 0 4316569047
4723 0 15 4316569060
1963 0 7 4316569073
0 0 0 4316569086
0 0 0 4316569099
0 0 0 4316569112
0 0 0 4316569125
0 0 0 4316569138
0 0 0 4316569151
0 0 0 4316569164
0 0 0 4316569177
0 0 0 4316569190
0 0 0 4316569203
0 0 0 4316569216
0 0 0 4316569229
6350 0 15 4316569242
0 0 0 4316569255
0 0 0 4316569268
0 0 0 4316569281
0 0 0 4316569294
0 0 0 4316569307
5524 0 46 4316569320
0 0 0 4316569333
0 0 0 4316569346
0 0 0 4316569359
0 0 0 4316569372
0 0 0 4316569385
0 0 0 4316569398
0 0 0 4316569411
0 0 0 4316569424
0 0 0 4316569437
0 0 0 4316569450
0 0 0 4316569463
0 0 0 4316569476
0 0 0 4316569489
6083 0 23 4316569502
0 0 0 4316569515
0 0 0 4316569528
0 0 0 4316569541
0 0 0 4316569554
0 0 0 4316569567
4870 305 69 4316569580
0 0 0 4316569593
0 0 0 4316569606
0 0 0 4316569619
0 0 0 4316569632
0 0 0 4316569645
0 0 0 4316569658
0 0 0 4316569671
0 0 0 4316569684
0 0 0 4316569697
0 0 0 4316569710
0 0 0 4316569723
0 0 0 4316569736
3852 134 23 4316569749
2121 83 0 4316569762
0 0 0 4316569775
0 0 0 4316569788
0 0 0 4316569801
0 0 0 4316569814
0 0 0 4316569827
2775 390 38 4316569840
1165 346 23 4316569853
0 0 0 4316569866
0 0 0 4316569879
0 0 0 4316569892
0 0 0 4316569905
0 0 0 4316569918
0 0 0 4316569931
0 0 0 4316569944
0 0 0 4316569957
0 0 0 4316569970
0 0 0 4316569983
0 0 0 4316569996
3481 193 15 4316570009
2093 122 15 4316570022
0 0 0 4316570035
0 0 0 4316570048
0 0 0 4316570061
0 0 0 4316570074
0 0 0 4316570087
0 0 0 4316570100
997 733 15 4316570113
1021 758 38 4316570126
926 658 23 4316570139
440 478 7 4316570152
0 0 0 4316570165
0 0 0 4316570178
0 0 0 4316570191
0 0 0 4316570204
0 0 0 4316570217
0 0 0 4316570230
0 0 0 4316570243
0 0 0 4316570256
3739 148 7 4316570269
1780 129 15 4316570282
0 0 0 4316570295
0 0 0 4316570308
0 0 0 4316570321
0 0 0 4316570334
0 0 0 4316570347
0 0 0 4316570360
0 0 0 4316570373
0 0 0 4316570386
19 22 0 4316570399
680 730 30 4316570412
672 755 15 4316570425
490 594 15 4316570438
680 756 30 4316570451
97 102 0 4316570464
0 0 0 4316570477
0 0 0 4316570490
0 0 0 4316570503
0 0 0 4316570516
2135 211 15 4316570529
3034 324 7 4316570542
0 0 0 4316570555
0 0 0 4316570568
0 0 0 4316570581
0 0 0 4316570594
0 0 0 4316570607
0 0 0 4316570620
0 0 0 4316570633
0 0 0 4316570646
0 0 0 4316570659
0 0 0 4316570672
0 0 0 4316570685
0 0 0 4316570698
265 440 15 4316570711
442 805 38 4316570724
461 809 15 4316570737
274 503 0 4316570750
415 809 15 4316570763
397 764 15 4316570776
640 134 15 4316570789
4480 474 23 4316570802
0 0 0 4316570815
0 0 0 4316570828
0 0 0 4316570841
0 0 0 4316570854
0 0 0 4316570867
0 0 0 4316570880
0 0 0 4316570893
0 0 0 4316570906
0 0 0 4316570919
0 0 0 4316570932
0 0 0 4316570945
0 0 0 4316570958
0 0 0 4316570971
0 0 0 4316570984
0 0 0 4316570997
0 0 0 4316571010
0 0 0 4316571023
191 558 7 4316571036
323 777 30 4316571049
2477 862 46 4316571062
2676 916 22 4316571075
319 790 15 4316571088
221 674 23 4316571101
264 675 7 4316571114
190 546 15 4316571127
65 266 7 4316571140
0 0 0 4316571153
0 0 0 4316571166
0 0 0 4316571179
0 0 0 4316571192
0 0 0 4316571205
0 0 0 4316571218
0 0 0 4316571231
0 0 0 4316571244
0 0 0 4316571257
0 0 0 4316571270
0 0 0 4316571283
0 0 0 4316571296
0 0 0 4316571309
0 0 0 4316571322
2935 520 15 4316571335
1674 258 7 4316571348
0 0 0 4316571361
0 0 0 4316571374
97 336 15 4316571387
232 810 23 4316571400
240 817 23 4316571413
204 739 15 4316571426
132 678 15 4316571439
171 806 15 4316571452
206 815 15 4316571465
197 811 7 4316571479
118 532 15 4316571492
0 0 0 4316571505
0 0 0 4316571518
0 0 0 4316571531
0 0 0 4316571544
0 0 0 4316571557
0 0 0 4316571570
0 0 0 4316571583
0 6 0 4316571596
409 113 46 4316571609
1 1 0 4316571622
0 0 0 4316571635
0 0 0 4316571648
0 0 0 4316571661
0 0 0 4316571674
0 0 0 4316571687
0 0 0 4316571700
0 0 0 4316571713
0 0 0 4316571726
0 0 0 4316571739
149 708 30 4316571752
201 801 15 4316571765
172 781 7 4316571778
171 786 15 4316571791
177 799 15 4316571804
150 604 23 4316571817
192 780 0 4316571830
27 146 15 4316571843
0 0 0 4316571856
0 0 0 4316571869
0 0 0 4316571882
0 0 0 4316571895
0 0 0 4316571908
0 0 0 4316571921
0 0 0 4316571934
0 0 0 4316571947
0 0 0 4316571960
0 0 0 4316571973
0 0 0 4316571986
0 0 0 4316571999
0 0 0 4316572012
0 0 0 4316572025
0 0 0 4316572038
0 0 0 4316572051
0 0 0 4316572064
0 0 0 4316572077
4 22 61 4316572090
read 435 profiled data
