9466 0 38 4317490910
0 0 0 4317490923
0 0 0 4317490936
0 0 0 4317490949
0 0 0 4317490962
0 0 0 4317490975
0 0 0 4317490988
0 0 0 4317491001
0 0 0 4317491014
0 0 0 4317491027
0 0 0 4317491040
0 0 0 4317491053
0 0 0 4317491066
0 0 0 4317491079
0 0 0 4317491092
0 0 0 4317491105
0 0 0 4317491118
0 0 0 4317491131
0 0 0 4317491144
7424 0 30 4317491157
0 0 0 4317491170
0 0 0 4317491183
0 0 0 4317491196
0 0 0 4317491209
0 0 0 4317491222
0 0 0 4317491235
0 0 0 4317491248
0 0 0 4317491261
0 0 0 4317491274
0 0 0 4317491287
0 0 0 4317491300
0 0 0 4317491313
0 0 0 4317491326
0 0 0 4317491339
0 0 0 4317491352
0 0 0 4317491365
0 0 0 4317491378
0 0 0 4317491391
0 0 0 4317491404
6047 0 23 4317491417
0 0 0 4317491430
0 0 0 4317491443
0 0 0 4317491456
0 0 0 4317491469
0 0 0 4317491482
0 0 0 4317491495
0 0 0 4317491508
0 0 0 4317491521
0 0 0 4317491534
0 0 0 4317491547
0 0 0 4317491560
0 0 0 4317491573
0 0 0 4317491586
0 0 0 4317491599
0 0 0 4317491612
0 0 0 4317491625
0 0 0 4317491638
0 0 0 4317491651
5055 0 23 4317491664
0 0 0 4317491677
0 0 0 4317491690
0 0 0 4317491703
0 0 0 4317491716
0 0 0 4317491729
0 0 0 4317491742
0 0 0 4317491755
0 0 0 4317491768
0 0 0 4317491781
0 0 0 4317491794
0 0 0 4317491807
0 0 0 4317491820
0 0 0 4317491833
0 0 0 4317491846
0 0 0 4317491859
0 0 0 4317491872
0 0 0 4317491885
0 0 0 4317491898
0 0 0 4317491911
4100 0 15 4317491924
0 0 0 4317491937
0 0 0 4317491950
0 0 0 4317491963
0 0 0 4317491976
0 0 0 4317491989
0 0 0 4317492002
0 0 0 4317492015
0 0 0 4317492028
0 0 0 4317492041
0 0 0 4317492054
0 0 0 4317492067
0 0 0 4317492080
0 0 0 4317492093
0 0 0 4317492106
0 0 0 4317492119
0 0 0 4317492132
0 0 0 4317492145
0 0 0 4317492158
3438 0 15 4317492171
0 0 0 4317492184
0 0 0 4317492197
0 0 0 4317492210
0 0 0 4317492223
0 0 0 4317492236
0 0 0 4317492249
0 0 0 4317492262
0 0 0 4317492275
0 0 0 4317492288
0 0 0 4317492301
0 0 0 4317492314
0 0 0 4317492327
0 0 0 4317492340
0 0 0 4317492353
0 0 0 4317492366
0 0 0 4317492379
0 0 0 4317492392
0 0 0 4317492405
2807 0 7 4317492418
0 0 0 4317492431
0 0 0 4317492444
0 0 0 4317492457
0 0 0 4317492470
0 0 0 4317492483
0 0 0 4317492496
0 0 0 4317492509
0 0 0 4317492522
0 0 0 4317492535
0 0 0 4317492548
0 0 0 4317492561
0 0 0 4317492574
0 0 0 4317492587
0 0 0 4317492600
0 0 0 4317492613
0 0 0 4317492626
0 0 0 4317492639
0 0 0 4317492652
0 0 0 4317492665
2315 0 15 4317492678
0 0 0 4317492691
0 0 0 4317492704
0 0 0 4317492717
0 0 0 4317492730
0 0 0 4317492743
0 0 0 4317492756
0 0 0 4317492769
0 0 0 4317492782
0 0 0 4317492795
0 0 0 4317492808
0 0 0 4317492821
0 0 0 4317492834
0 0 0 4317492847
0 0 0 4317492860
0 0 0 4317492873
0 0 0 4317492886
0 0 0 4317492899
0 0 0 4317492912
1874 0 7 4317492925
0 0 0 4317492938
0 0 0 4317492951
0 0 0 4317492964
0 0 0 4317492977
0 0 0 4317492990
0 0 0 4317493003
0 0 0 4317493016
0 0 0 4317493029
0 0 0 4317493042
0 0 0 4317493055
0 0 0 4317493068
0 0 0 4317493081
0 0 0 4317493094
0 0 0 4317493107
0 0 0 4317493120
0 0 0 4317493133
0 0 0 4317493146
0 0 0 4317493159
1602 0 7 4317493172
0 0 0 4317493185
0 0 0 4317493198
0 0 0 4317493211
0 0 0 4317493224
0 0 0 4317493237
0 0 0 4317493250
0 0 0 4317493263
0 0 0 4317493276
0 0 0 4317493289
0 0 0 4317493302
0 0 0 4317493315
0 0 0 4317493328
0 0 0 4317493341
0 0 0 4317493354
0 0 0 4317493367
0 0 0 4317493380
0 0 0 4317493393
0 0 0 4317493406
0 0 0 4317493419
1252 0 7 4317493432
0 0 0 4317493445
0 0 0 4317493458
0 0 0 4317493471
0 0 0 4317493484
0 0 0 4317493497
0 0 0 4317493510
0 0 0 4317493523
0 0 0 4317493536
0 0 0 4317493549
0 0 0 4317493562
0 0 0 4317493575
0 0 0 4317493588
0 0 0 4317493601
0 0 0 4317493614
0 0 0 4317493627
0 0 0 4317493640
0 0 0 4317493653
0 0 0 4317493666
982 0 7 4317493679
0 0 0 4317493692
0 0 0 4317493705
0 0 0 4317493718
0 0 0 4317493731
0 0 0 4317493744
0 0 0 4317493757
0 0 0 4317493770
0 0 0 4317493783
0 0 0 4317493796
0 0 0 4317493809
0 0 0 4317493822
0 0 0 4317493835
0 0 0 4317493848
0 0 0 4317493861
0 0 0 4317493874
0 0 0 4317493887
0 0 0 4317493900
0 0 0 4317493913
897 0 0 4317493926
0 0 0 4317493939
0 0 0 4317493952
0 0 0 4317493965
0 0 0 4317493978
0 0 0 4317493991
0 0 0 4317494004
0 0 0 4317494017
0 0 0 4317494030
0 0 0 4317494043
0 0 0 4317494056
0 0 0 4317494069
0 0 0 4317494082
0 0 0 4317494095
0 0 0 4317494108
0 0 0 4317494121
0 0 0 4317494134
0 0 0 4317494147
0 0 0 4317494160
29 0 7 4317494173
692 0 0 4317494186
0 0 0 4317494199
0 0 0 4317494212
0 0 0 4317494225
0 0 0 4317494238
0 0 0 4317494251
0 0 0 4317494264
0 0 0 4317494277
0 0 0 4317494290
0 0 0 4317494303
0 0 0 4317494316
0 0 0 4317494329
0 0 0 4317494342
0 0 0 4317494355
0 0 0 4317494368
0 0 0 4317494381
0 0 0 4317494394
0 0 0 4317494407
0 0 0 4317494420
621 0 7 4317494433
0 0 0 4317494446
0 0 0 4317494459
0 0 0 4317494472
0 0 0 4317494485
0 0 0 4317494498
0 0 0 4317494511
0 0 0 4317494524
0 0 0 4317494537
0 0 0 4317494550
0 0 0 4317494563
0 0 0 4317494576
0 0 0 4317494589
0 0 0 4317494602
0 0 0 4317494615
0 0 0 4317494628
0 0 0 4317494641
0 0 0 4317494654
0 0 0 4317494667
481 0 0 4317494680
0 0 0 4317494693
0 0 0 4317494706
0 0 0 4317494719
0 0 0 4317494732
0 0 0 4317494745
0 0 0 4317494758
0 0 0 4317494771
0 0 0 4317494784
0 0 0 4317494797
0 0 0 4317494810
0 0 0 4317494823
0 0 0 4317494836
0 0 0 4317494849
0 0 0 4317494862
0 0 0 4317494875
0 0 0 4317494888
0 0 0 4317494901
0 0 0 4317494914
398 0 7 4317494927
0 0 0 4317494940
0 0 0 4317494953
0 0 0 4317494966
0 0 0 4317494979
0 0 0 4317494992
0 0 0 4317495005
0 0 0 4317495018
0 0 0 4317495031
0 0 0 4317495044
0 0 0 4317495057
0 0 0 4317495070
0 0 0 4317495083
0 0 0 4317495096
0 0 0 4317495109
0 0 0 4317495122
0 0 0 4317495135
0 0 0 4317495148
0 0 0 4317495161
0 0 0 4317495174
347 0 0 4317495187
0 0 0 4317495200
0 0 0 4317495213
0 0 0 4317495226
0 0 0 4317495239
0 0 0 4317495252
0 0 0 4317495265
0 0 0 4317495278
0 0 0 4317495291
0 0 0 4317495304
0 0 0 4317495317
0 0 0 4317495330
0 0 0 4317495343
0 0 0 4317495356
0 0 0 4317495369
0 0 0 4317495382
0 0 0 4317495395
0 0 0 4317495408
0 0 0 4317495421
249 0 7 4317495434
0 0 0 4317495447
0 0 0 4317495460
0 0 0 4317495473
0 0 0 4317495486
0 0 0 4317495499
0 0 0 4317495512
0 0 0 4317495525
0 0 0 4317495538
0 0 0 4317495551
0 0 0 4317495564
0 0 0 4317495577
0 0 0 4317495590
0 0 0 4317495603
0 0 0 4317495616
0 0 0 4317495629
0 0 0 4317495642
0 0 0 4317495655
0 0 0 4317495668
237 0 0 4317495681
0 0 0 4317495694
0 0 0 4317495707
0 0 0 4317495720
0 0 0 4317495733
0 0 0 4317495746
0 0 0 4317495759
0 0 0 4317495772
0 0 0 4317495785
0 0 0 4317495798
0 0 0 4317495811
0 0 0 4317495824
0 0 0 4317495837
0 0 0 4317495850
0 0 0 4317495863
0 0 0 4317495876
0 0 0 4317495889
0 0 0 4317495902
0 0 0 4317495915
0 0 15 4317495928
read 387 profiled data
