28152 1 107 4317318513
21738 0 76 4317318526
0 0 0 4317318539
0 0 0 4317318552
0 0 0 4317318565
0 0 0 4317318578
0 0 0 4317318591
0 0 0 4317318604
0 0 0 4317318617
0 0 0 4317318630
0 0 0 4317318643
0 0 0 4317318656
0 0 0 4317318669
0 0 0 4317318682
0 0 0 4317318695
0 0 0 4317318708
0 0 0 4317318721
0 0 0 4317318734
0 0 0 4317318747
2017 0 7 4317318760
0 0 0 4317318773
26772 0 100 4317318786
10759 0 38 4317318799
0 0 0 4317318812
0 0 0 4317318825
0 0 0 4317318838
0 0 0 4317318851
0 0 0 4317318864
0 0 0 4317318877
0 0 0 4317318890
0 0 0 4317318903
0 0 0 4317318916
0 0 0 4317318929
0 0 0 4317318942
0 0 0 4317318955
0 0 0 4317318968
0 0 0 4317318981
0 0 0 4317318994
1928 0 7 4317319007
0 0 0 4317319020
0 0 0 4317319033
9909 0 38 4317319046
20970 0 69 4317319059
0 0 0 4317319072
0 0 0 4317319085
0 0 0 4317319098
0 0 0 4317319111
0 0 0 4317319124
0 0 0 4317319137
0 0 0 4317319150
0 0 0 4317319163
0 0 0 4317319176
0 0 0 4317319189
0 0 0 4317319202
0 0 0 4317319215
0 0 0 4317319228
0 0 0 4317319241
0 0 0 4317319254
1920 0 7 4317319267
0 0 0 4317319280
0 0 0 4317319293
138 0 7 4317319306
24844 0 100 4317319319
507 0 0 4317319332
0 0 0 4317319345
0 0 0 4317319358
0 0 0 4317319371
0 0 0 4317319384
0 0 0 4317319397
0 0 0 4317319410
0 0 0 4317319423
0 0 0 4317319436
0 0 0 4317319449
0 0 0 4317319462
0 0 0 4317319475
0 0 0 4317319488
0 0 0 4317319501
1934 0 7 4317319514
0 0 0 4317319527
0 0 0 4317319540
0 0 0 4317319553
0 0 0 4317319566
18762 0 76 4317319579
2532 0 7 4317319592
0 0 0 4317319605
0 0 0 4317319618
0 0 0 4317319631
0 0 0 4317319644
0 0 0 4317319657
0 0 0 4317319670
0 0 0 4317319683
0 0 0 4317319696
0 0 0 4317319709
0 0 0 4317319722
0 0 0 4317319735
0 0 0 4317319748
1916 0 7 4317319761
0 0 0 4317319774
0 0 0 4317319787
0 0 0 4317319800
0 0 0 4317319813
0 0 0 4317319826
14653 0 69 4317319839
2921 0 7 4317319852
0 0 0 4317319865
0 0 0 4317319878
0 0 0 4317319891
0 0 0 4317319904
0 0 0 4317319917
0 0 0 4317319930
0 0 0 4317319943
0 0 0 4317319956
0 0 0 4317319969
0 0 0 4317319982
0 0 0 4317319995
0 0 0 4317320008
1848 0 7 4317320021
0 0 0 4317320034
0 0 0 4317320047
0 0 0 4317320060
0 0 0 4317320073
0 0 0 4317320086
14392 0 61 4317320099
0 0 0 4317320112
0 0 0 4317320125
0 0 0 4317320138
0 0 0 4317320151
0 0 0 4317320164
0 0 0 4317320177
0 0 0 4317320190
0 0 0 4317320203
0 0 0 4317320216
0 0 0 4317320229
0 0 0 4317320242
0 0 0 4317320255
1831 0 7 4317320268
0 0 0 4317320281
0 0 0 4317320294
0 0 0 4317320307
0 0 0 4317320320
0 0 0 4317320333
0 0 0 4317320346
11933 0 46 4317320359
0 0 0 4317320372
0 0 0 4317320385
0 0 0 4317320398
0 0 0 4317320411
0 0 0 4317320424
0 0 0 4317320437
0 0 0 4317320450
0 0 0 4317320463
0 0 0 4317320476
0 0 0 4317320489
0 0 0 4317320502
1843 0 7 4317320515
0 0 0 4317320528
0 0 0 4317320541
0 0 0 4317320554
0 0 0 4317320567
0 0 0 4317320580
0 0 0 4317320593
2006 0 15 4317320606
7938 0 30 4317320619
0 0 0 4317320632
0 0 0 4317320645
0 0 0 4317320658
0 0 0 4317320671
0 0 0 4317320684
0 0 0 4317320697
0 0 0 4317320710
0 0 0 4317320723
0 0 0 4317320736
0 0 0 4317320749
1845 0 0 4317320762
0 0 0 4317320775
0 0 0 4317320788
0 0 0 4317320801
0 0 0 4317320814
0 0 0 4317320827
0 0 0 4317320840
0 0 0 4317320853
8112 0 38 4317320866
0 0 0 4317320879
0 0 0 4317320892
0 0 0 4317320905
0 0 0 4317320918
0 0 0 4317320931
0 0 0 4317320944
0 0 0 4317320957
0 0 0 4317320970
0 0 0 4317320983
0 0 0 4317320996
0 0 0 4317321009
1779 0 0 4317321022
0 0 0 4317321035
0 0 0 4317321048
0 0 0 4317321061
0 0 0 4317321074
0 0 0 4317321087
0 0 0 4317321100
0 0 0 4317321113
6686 0 30 4317321126
0 0 0 4317321139
0 0 0 4317321152
0 0 0 4317321165
0 0 0 4317321178
0 0 0 4317321191
0 0 0 4317321204
0 0 0 4317321217
0 0 0 4317321230
0 0 0 4317321243
0 0 0 4317321256
1820 0 7 4317321269
0 0 0 4317321282
0 0 0 4317321295
0 0 0 4317321308
0 0 0 4317321321
0 0 0 4317321334
0 0 0 4317321347
0 0 0 4317321360
4302 0 30 4317321373
1222 0 0 4317321386
0 0 0 4317321399
0 0 0 4317321412
0 0 0 4317321425
0 0 0 4317321438
0 0 0 4317321451
0 0 0 4317321464
0 0 0 4317321477
0 0 0 4317321490
0 0 0 4317321503
1739 0 7 4317321516
0 0 0 4317321529
0 0 0 4317321542
0 0 0 4317321555
0 0 0 4317321568
0 0 0 4317321581
0 0 0 4317321594
0 0 0 4317321607
0 0 0 4317321620
4633 0 30 4317321633
0 0 0 4317321646
0 0 0 4317321659
0 0 0 4317321672
0 0 0 4317321685
0 0 0 4317321698
0 0 0 4317321711
0 0 0 4317321724
0 0 0 4317321737
0 0 0 4317321750
0 0 0 4317321763
1691 0 7 4317321776
0 0 0 4317321789
0 0 0 4317321802
0 0 0 4317321815
0 0 0 4317321828
0 0 0 4317321841
0 0 0 4317321854
0 0 0 4317321867
2739 0 23 4317321880
1084 0 0 4317321893
0 0 0 4317321906
0 0 0 4317321919
0 0 0 4317321932
0 0 0 4317321945
0 0 0 4317321958
0 0 0 4317321971
0 0 0 4317321984
0 0 0 4317321997
0 0 0 4317322010
1715 0 7 4317322023
0 0 0 4317322036
0 0 0 4317322049
0 0 0 4317322062
0 0 0 4317322075
0 0 0 4317322088
0 0 0 4317322101
0 0 0 4317322114
0 0 0 4317322127
3058 0 15 4317322140
0 0 0 4317322153
0 0 0 4317322166
0 0 0 4317322179
0 0 0 4317322192
0 0 0 4317322205
0 0 0 4317322218
0 0 0 4317322231
0 0 0 4317322244
0 0 0 4317322257
1715 0 7 4317322270
0 0 0 4317322283
0 0 0 4317322296
0 0 0 4317322309
0 0 0 4317322322
0 0 0 4317322335
0 0 0 4317322348
0 0 0 4317322361
0 0 0 4317322374
2588 0 23 4317322387
0 0 0 4317322400
0 0 0 4317322413
0 0 0 4317322426
0 0 0 4317322439
0 0 0 4317322452
0 0 0 4317322465
0 0 0 4317322478
0 0 0 4317322491
0 0 0 4317322504
0 0 0 4317322517
1671 0 0 4317322530
0 0 0 4317322543
0 0 0 4317322556
0 0 0 4317322569
0 0 0 4317322582
0 0 0 4317322595
0 0 0 4317322608
0 0 0 4317322621
0 0 0 4317322634
2097 0 23 4317322647
0 0 0 4317322660
0 0 0 4317322673
0 0 0 4317322686
0 0 0 4317322699
0 0 0 4317322712
0 0 0 4317322725
0 0 0 4317322738
0 0 0 4317322751
0 0 0 4317322764
1824 0 7 4317322777
0 0 0 4317322790
0 0 0 4317322803
0 0 0 4317322816
0 0 0 4317322829
0 0 0 4317322842
0 0 0 4317322855
0 0 0 4317322868
0 0 0 4317322881
1714 0 15 4317322894
0 0 0 4317322907
0 0 0 4317322920
0 0 0 4317322933
0 0 0 4317322946
0 0 0 4317322959
0 0 0 4317322972
0 0 0 4317322985
0 0 0 4317322998
0 0 0 4317323011
1666 0 7 4317323024
0 0 0 4317323037
0 0 0 4317323050
0 0 0 4317323063
0 0 0 4317323076
0 0 0 4317323089
0 0 0 4317323102
0 0 0 4317323115
0 0 0 4317323128
0 0 0 4317323141
1438 0 23 4317323154
0 0 0 4317323167
0 0 0 4317323180
0 0 0 4317323193
0 0 0 4317323206
0 0 0 4317323219
0 0 0 4317323232
0 0 0 4317323245
0 0 0 4317323258
1599 0 0 4317323271
0 0 0 4317323284
0 0 0 4317323297
0 0 0 4317323310
0 0 0 4317323323
0 0 0 4317323336
0 0 0 4317323349
0 0 0 4317323362
0 0 0 4317323375
0 0 0 4317323388
1151 0 15 4317323401
0 0 0 4317323414
0 0 0 4317323427
0 0 0 4317323440
0 0 0 4317323453
0 0 0 4317323466
0 0 0 4317323479
0 0 0 4317323492
0 0 0 4317323505
0 0 0 4317323518
0 0 0 4317323531
0 0 0 4317323544
0 0 0 4317323557
0 0 0 4317323570
0 0 0 4317323583
0 0 0 4317323596
0 0 0 4317323609
0 0 0 4317323622
0 0 0 4317323635
0 0 15 4317323648
read 396 profiled data
